0.10000000000000001 1
0.20000000000000001 1
0.30000000000000004 1
0.40000000000000002 1
0.5 1
0.59999999999999998 1
0.69999999999999996 1
0.79999999999999993 1
0.89999999999999991 1
0.99999999999999989 1
1.0999999999999999 1
1.2 1
1.3 1
1.4000000000000001 1
1.5000000000000002 1
1.6000000000000003 1
1.7000000000000004 1
1.8000000000000005 1
1.9000000000000006 1
2.0000000000000004 1
2.1000000000000005 1
2.2000000000000006 1
2.3000000000000007 1
2.4000000000000008 1
2.5000000000000009 1
2.600000000000001 1
2.7000000000000011 1
2.8000000000000012 1
2.9000000000000012 1
3.0000000000000013 1
3.1000000000000014 1
3.2000000000000015 1
3.3000000000000016 1
3.4000000000000017 1
3.5000000000000018 1
3.6000000000000019 1
3.700000000000002 1
3.800000000000002 1
3.9000000000000021 1
4.0000000000000018 1
4.1000000000000014 1
4.2000000000000011 1
4.3000000000000007 1
4.4000000000000004 1
4.5 1
4.5999999999999996 1
4.6999999999999993 1
4.7999999999999989 1
4.8999999999999986 1
4.9999999999999982 1
5.0999999999999979 1
5.1999999999999975 1
5.2999999999999972 1
5.3999999999999968 2
5.4999999999999964 2
5.5999999999999961 2
5.6999999999999957 2
5.7999999999999954 3
5.899999999999995 4
5.9999999999999947 4
6.0999999999999943 4
6.199999999999994 4
6.2999999999999936 8
6.3999999999999932 8
6.4999999999999929 8
6.5999999999999925 8
6.6999999999999922 11
6.7999999999999918 15
6.8999999999999915 16
6.9999999999999911 16
7.0999999999999908 19
7.1999999999999904 20.0999
7.2999999999999901 20.2981
7.3999999999999897 20.4945
7.4999999999999893 20.6405
7.599999999999989 20.8336
7.6999999999999886 20.9773
7.7999999999999883 21.1674
7.8999999999999879 21.3557
7.9999999999999876 21.4959
8.0999999999999872 21.6813
8.1999999999999869 21.8653
8.2999999999999865 22.0022
8.3999999999999861 22.1834
8.4999999999999858 22.3184
8.5999999999999854 22.4079
8.6999999999999851 22.4079
8.7999999999999847 22.4079
8.8999999999999844 22.4079
8.999999999999984 22.4079
9.0999999999999837 22.4079
9.1999999999999833 22.4079
9.2999999999999829 22.4079
9.3999999999999826 1
9.4999999999999822 1
9.5999999999999819 1
9.6999999999999815 1
9.7999999999999812 1
9.8999999999999808 1
9.9999999999999805 1
10.09999999999998 1
10.19999999999998 1
10.299999999999979 1
10.399999999999979 1
10.499999999999979 1
10.599999999999978 1
10.699999999999978 1
10.799999999999978 1
10.899999999999977 1
10.999999999999977 1
11.099999999999977 1
11.199999999999976 1
11.299999999999976 1
11.399999999999975 1
11.499999999999975 1
11.599999999999975 1
11.699999999999974 1
11.799999999999974 1
11.899999999999974 1
11.999999999999973 1
12.099999999999973 1
12.199999999999973 1
12.299999999999972 1
12.399999999999972 1
12.499999999999972 1
12.599999999999971 1
12.699999999999971 1
12.799999999999971 1
12.89999999999997 1
12.99999999999997 1
13.099999999999969 1
13.199999999999969 1
13.299999999999969 1
13.399999999999968 1
13.499999999999968 1
13.599999999999968 1
13.699999999999967 1
13.799999999999967 1
13.899999999999967 1
13.999999999999966 1
14.099999999999966 1
14.199999999999966 1
14.299999999999965 1
14.399999999999965 1
14.499999999999964 1
14.599999999999964 1
14.699999999999964 1
14.799999999999963 1
14.899999999999963 1
14.999999999999963 1
15.099999999999962 1
15.199999999999962 1
15.299999999999962 1
15.399999999999961 1
15.499999999999961 1
15.599999999999961 1
15.69999999999996 1
15.79999999999996 1
15.899999999999959 1
15.999999999999959 1
16.099999999999959 1
16.19999999999996 1
16.299999999999962 1
16.399999999999963 1
16.499999999999964 1
16.599999999999966 1
16.699999999999967 1
16.799999999999969 1
16.89999999999997 1
16.999999999999972 1
17.099999999999973 1
17.199999999999974 1
17.299999999999976 1
17.399999999999977 1
17.499999999999979 1
17.59999999999998 1
17.699999999999982 1
17.799999999999983 1
17.899999999999984 1
17.999999999999986 1
18.099999999999987 1
18.199999999999989 1
18.29999999999999 1
18.399999999999991 1
18.499999999999993 1
18.599999999999994 1
18.699999999999996 1
18.799999999999997 1
18.899999999999999 1
19 1
19.100000000000001 1
19.200000000000003 1
19.300000000000004 1
19.400000000000006 1
19.500000000000007 1
19.600000000000009 1
19.70000000000001 1
19.800000000000011 1
19.900000000000013 1
20.000000000000014 1
20.100000000000016 1
20.200000000000017 1
20.300000000000018 1
20.40000000000002 1
20.500000000000021 1
20.600000000000023 1
20.700000000000024 1
20.800000000000026 1
20.900000000000027 1
21.000000000000028 1
21.10000000000003 1
21.200000000000031 1
21.300000000000033 1
21.400000000000034 1
21.500000000000036 1
21.600000000000037 1
21.700000000000038 1
21.80000000000004 1
21.900000000000041 1
22.000000000000043 1
22.100000000000044 1
22.200000000000045 1
22.300000000000047 1
22.400000000000048 1
22.50000000000005 1
22.600000000000051 1
22.700000000000053 1
22.800000000000054 1
22.900000000000055 1
23.000000000000057 1
23.100000000000058 1
23.20000000000006 1
23.300000000000061 1
23.400000000000063 1
23.500000000000064 1
23.600000000000065 1
23.700000000000067 1
23.800000000000068 1
23.90000000000007 1
24.000000000000071 1
24.100000000000072 1
24.200000000000074 1
24.300000000000075 1
24.400000000000077 1
24.500000000000078 1
24.60000000000008 1
24.700000000000081 1
24.800000000000082 1
24.900000000000084 1
25.000000000000085 1
25.100000000000087 1
25.200000000000088 1
25.30000000000009 1
25.400000000000091 1
25.500000000000092 1
25.600000000000094 1
25.700000000000095 1
25.800000000000097 1
25.900000000000098 1
26.000000000000099 1
26.100000000000101 1
26.200000000000102 1
26.300000000000104 1
26.400000000000105 1
26.500000000000107 1
26.600000000000108 1
26.700000000000109 1
26.800000000000111 1
26.900000000000112 1
27.000000000000114 1
27.100000000000115 1
27.200000000000117 1
27.300000000000118 1
27.400000000000119 1
27.500000000000121 1
27.600000000000122 1
27.700000000000124 1
27.800000000000125 1
27.900000000000126 1
28.000000000000128 1
28.100000000000129 1
28.200000000000131 1
28.300000000000132 1
28.400000000000134 1
28.500000000000135 1
28.600000000000136 1
28.700000000000138 1
28.800000000000139 1
28.900000000000141 1
29.000000000000142 1
29.100000000000144 1
29.200000000000145 1
29.300000000000146 1
29.400000000000148 1
29.500000000000149 1
29.600000000000151 1
29.700000000000152 1
29.800000000000153 1
29.900000000000155 1
30.000000000000156 1
30.100000000000158 1
30.200000000000159 1
30.300000000000161 1
30.400000000000162 1
30.500000000000163 1
30.600000000000165 1
30.700000000000166 1
30.800000000000168 1
30.900000000000169 1
31.000000000000171 1
31.100000000000172 1
31.200000000000173 1
31.300000000000175 1
31.400000000000176 1
31.500000000000178 1
31.600000000000179 1
31.70000000000018 1
31.800000000000182 1
31.900000000000183 1
32.000000000000185 1
32.100000000000186 1
32.200000000000188 1
32.300000000000189 1
32.40000000000019 1
32.500000000000192 1
32.600000000000193 1
32.700000000000195 1
32.800000000000196 1
32.900000000000198 1
33.000000000000199 1
33.1000000000002 1
33.200000000000202 1
33.300000000000203 1
33.400000000000205 1
33.500000000000206 1
33.600000000000207 1
33.700000000000209 1
33.80000000000021 1
33.900000000000212 1
34.000000000000213 1
34.100000000000215 1
34.200000000000216 1
34.300000000000217 1
34.400000000000219 1
34.50000000000022 1
34.600000000000222 1
34.700000000000223 1
34.800000000000225 1
34.900000000000226 1
35.000000000000227 1
35.100000000000229 1
35.20000000000023 1
35.300000000000232 1
35.400000000000233 1
35.500000000000234 1
35.600000000000236 1
35.700000000000237 1
35.800000000000239 1
35.90000000000024 1
36.000000000000242 1
36.100000000000243 1
36.200000000000244 1
36.300000000000246 1
36.400000000000247 1
36.500000000000249 1
36.60000000000025 1
36.700000000000252 1
36.800000000000253 1
36.900000000000254 1
37.000000000000256 1
37.100000000000257 1
37.200000000000259 1
37.30000000000026 1
37.400000000000261 1
37.500000000000263 1
37.600000000000264 1
37.700000000000266 1
37.800000000000267 1
37.900000000000269 1
38.00000000000027 1
38.100000000000271 1
38.200000000000273 1
38.300000000000274 1
38.400000000000276 1
38.500000000000277 1
38.600000000000279 1
38.70000000000028 1
38.800000000000281 1
38.900000000000283 1
39.000000000000284 1
39.100000000000286 1
39.200000000000287 1
39.300000000000288 1
39.40000000000029 1
39.500000000000291 1
39.600000000000293 1
39.700000000000294 1
39.800000000000296 1
39.900000000000297 1
40.000000000000298 1
40.1000000000003 1
40.200000000000301 1
40.300000000000303 1
40.400000000000304 1
40.500000000000306 1
40.600000000000307 1
40.700000000000308 1
40.80000000000031 1
40.900000000000311 1
41.000000000000313 1
41.100000000000314 1
41.200000000000315 1
41.300000000000317 1
41.400000000000318 1
41.50000000000032 1
41.600000000000321 1
41.700000000000323 1
41.800000000000324 1
41.900000000000325 1
42.000000000000327 1
42.100000000000328 1
42.20000000000033 1
42.300000000000331 1
42.400000000000333 1
42.500000000000334 1
42.600000000000335 1
42.700000000000337 1
42.800000000000338 1
42.90000000000034 1
43.000000000000341 1
43.100000000000342 1
43.200000000000344 1
43.300000000000345 1
43.400000000000347 1
43.500000000000348 1
43.60000000000035 1
43.700000000000351 1
43.800000000000352 1
43.900000000000354 1
44.000000000000355 1
44.100000000000357 1
44.200000000000358 1
44.30000000000036 1
44.400000000000361 1
44.500000000000362 1
44.600000000000364 1
44.700000000000365 1
44.800000000000367 1
44.900000000000368 1
45.000000000000369 1
45.100000000000371 1
45.200000000000372 1
45.300000000000374 1
45.400000000000375 1
45.500000000000377 1
45.600000000000378 1
45.700000000000379 1
45.800000000000381 1
45.900000000000382 1
46.000000000000384 1
46.100000000000385 1
46.200000000000387 1
46.300000000000388 1
46.400000000000389 1
46.500000000000391 1
46.600000000000392 1
46.700000000000394 1
46.800000000000395 1
46.900000000000396 1
47.000000000000398 1
47.100000000000399 1
47.200000000000401 1
47.300000000000402 1
47.400000000000404 1
47.500000000000405 1
47.600000000000406 1
47.700000000000408 1
47.800000000000409 1
47.900000000000411 1
48.000000000000412 1
48.100000000000414 1
48.200000000000415 1
48.300000000000416 1
48.400000000000418 1
48.500000000000419 1
48.600000000000421 1
48.700000000000422 1
48.800000000000423 1
48.900000000000425 1
49.000000000000426 1
49.100000000000428 1
49.200000000000429 1
49.300000000000431 1
49.400000000000432 1
49.500000000000433 1
49.600000000000435 1
49.700000000000436 1
49.800000000000438 1
49.900000000000439 1
50.000000000000441 1
50.100000000000442 1
50.200000000000443 1
50.300000000000445 1
50.400000000000446 1
50.500000000000448 1
50.600000000000449 1
50.70000000000045 1
50.800000000000452 1
50.900000000000453 1
51.000000000000455 1
51.100000000000456 1
51.200000000000458 1
51.300000000000459 1
51.40000000000046 1
51.500000000000462 1
51.600000000000463 1
51.700000000000465 1
51.800000000000466 1
51.900000000000468 1
52.000000000000469 1
52.10000000000047 1
52.200000000000472 1
52.300000000000473 1
52.400000000000475 1
52.500000000000476 1
52.600000000000477 1
52.700000000000479 1
52.80000000000048 1
52.900000000000482 1
53.000000000000483 1
53.100000000000485 1
53.200000000000486 1
53.300000000000487 1
53.400000000000489 1
53.50000000000049 1
53.600000000000492 1
53.700000000000493 1
53.800000000000495 1
53.900000000000496 1
54.000000000000497 1
54.100000000000499 1
54.2000000000005 1
54.300000000000502 1
54.400000000000503 1
54.500000000000504 1
54.600000000000506 1
54.700000000000507 1
54.800000000000509 1
54.90000000000051 1
55.000000000000512 1
55.100000000000513 1
55.200000000000514 1
55.300000000000516 1
55.400000000000517 1
55.500000000000519 1
55.60000000000052 1
55.700000000000522 1
55.800000000000523 1
55.900000000000524 1
56.000000000000526 1
56.100000000000527 1
56.200000000000529 1
56.30000000000053 1
56.400000000000531 1
56.500000000000533 1
56.600000000000534 1
56.700000000000536 1
56.800000000000537 1
56.900000000000539 1
57.00000000000054 1
57.100000000000541 1
57.200000000000543 1
57.300000000000544 1
57.400000000000546 1
57.500000000000547 1
57.600000000000549 1
57.70000000000055 1
57.800000000000551 1
57.900000000000553 1
58.000000000000554 1
58.100000000000556 1
58.200000000000557 1
58.300000000000558 1
58.40000000000056 1
58.500000000000561 1
58.600000000000563 1
58.700000000000564 1
58.800000000000566 1
58.900000000000567 1
59.000000000000568 1
59.10000000000057 1
59.200000000000571 1
59.300000000000573 1
59.400000000000574 1
59.500000000000576 1
59.600000000000577 1
59.700000000000578 1
59.80000000000058 1
59.900000000000581 1
60.000000000000583 1
60.100000000000584 1
60.200000000000585 1
60.300000000000587 1
60.400000000000588 1
60.50000000000059 1
60.600000000000591 1
60.700000000000593 1
60.800000000000594 1
60.900000000000595 1
61.000000000000597 1
61.100000000000598 1
61.2000000000006 1
61.300000000000601 1
61.400000000000603 1
61.500000000000604 1
61.600000000000605 1
61.700000000000607 1
61.800000000000608 1
61.90000000000061 1
62.000000000000611 1
62.100000000000612 1
62.200000000000614 1
62.300000000000615 1
62.400000000000617 1
62.500000000000618 1
62.60000000000062 1
62.700000000000621 1
62.800000000000622 1
62.900000000000624 1
63.000000000000625 1
63.100000000000627 1
63.200000000000628 1
63.30000000000063 1
63.400000000000631 1
63.500000000000632 1
63.600000000000634 1
63.700000000000635 1
63.800000000000637 1
63.900000000000638 1
64.000000000000639 1
64.100000000000634 1
64.200000000000628 1
64.300000000000622 1
64.400000000000617 1
64.500000000000611 1
64.600000000000605 1
64.7000000000006 1
64.800000000000594 1
64.900000000000588 1
65.000000000000583 1
65.100000000000577 1
65.200000000000571 1
65.300000000000566 1
65.40000000000056 1
65.500000000000554 1
65.600000000000549 1
65.700000000000543 1
65.800000000000537 1
65.900000000000531 1
66.000000000000526 1
66.10000000000052 1
66.200000000000514 1
66.300000000000509 1
66.400000000000503 1
66.500000000000497 1
66.600000000000492 1
66.700000000000486 1
66.80000000000048 1
66.900000000000475 1
67.000000000000469 1
67.100000000000463 1
67.200000000000458 1
67.300000000000452 1
67.400000000000446 1
67.500000000000441 1
67.600000000000435 1
67.700000000000429 1
67.800000000000423 1
67.900000000000418 1
68.000000000000412 1
68.100000000000406 1
68.200000000000401 1
68.300000000000395 1
68.400000000000389 1
68.500000000000384 1
68.600000000000378 1
68.700000000000372 1
68.800000000000367 1
68.900000000000361 1
69.000000000000355 1
69.10000000000035 1
69.200000000000344 1
69.300000000000338 1
69.400000000000333 1
69.500000000000327 1
69.600000000000321 1
69.700000000000315 1
69.80000000000031 1
69.900000000000304 1
70.000000000000298 1
70.100000000000293 1
70.200000000000287 1
70.300000000000281 1
70.400000000000276 1
70.50000000000027 1
70.600000000000264 1
70.700000000000259 1
70.800000000000253 1
70.900000000000247 1
71.000000000000242 1
71.100000000000236 1
71.20000000000023 1
71.300000000000225 1
71.400000000000219 1
71.500000000000213 1
71.600000000000207 1
71.700000000000202 1
71.800000000000196 1
71.90000000000019 1
72.000000000000185 1
72.100000000000179 1
72.200000000000173 1
72.300000000000168 1
72.400000000000162 1
72.500000000000156 1
72.600000000000151 1
72.700000000000145 1
72.800000000000139 1
72.900000000000134 1
73.000000000000128 1
73.100000000000122 1
73.200000000000117 1
73.300000000000111 1
73.400000000000105 1
73.500000000000099 1
73.600000000000094 1
73.700000000000088 1
73.800000000000082 1
73.900000000000077 1
74.000000000000071 1
74.100000000000065 1
74.20000000000006 1
74.300000000000054 1
74.400000000000048 1
74.500000000000043 1
74.600000000000037 1
74.700000000000031 1
74.800000000000026 1
74.90000000000002 1
75.000000000000014 1
75.100000000000009 1
75.200000000000003 1
75.299999999999997 1
75.399999999999991 1
75.499999999999986 1
75.59999999999998 1
75.699999999999974 1
75.799999999999969 1
75.899999999999963 1
75.999999999999957 1
76.099999999999952 1
76.199999999999946 1
76.29999999999994 1
76.399999999999935 1
76.499999999999929 1
76.599999999999923 1
76.699999999999918 1
76.799999999999912 1
76.899999999999906 1
76.999999999999901 1
77.099999999999895 1
77.199999999999889 1
77.299999999999883 1
77.399999999999878 1
77.499999999999872 1
77.599999999999866 1
77.699999999999861 1
77.799999999999855 1
77.899999999999849 1
77.999999999999844 1
78.099999999999838 1
78.199999999999832 1
78.299999999999827 1
78.399999999999821 1
78.499999999999815 1
78.59999999999981 1
78.699999999999804 1
78.799999999999798 1
78.899999999999793 1
78.999999999999787 1
79.099999999999781 1
79.199999999999775 1
79.29999999999977 1
79.399999999999764 1
79.499999999999758 1
79.599999999999753 1
79.699999999999747 1
79.799999999999741 1
79.899999999999736 1
79.99999999999973 1
80.099999999999724 1
80.199999999999719 1
80.299999999999713 1
80.399999999999707 1
80.499999999999702 1
80.599999999999696 1
80.69999999999969 1
80.799999999999685 1
80.899999999999679 1
80.999999999999673 1
81.099999999999667 1
81.199999999999662 1
81.299999999999656 1
81.39999999999965 1
81.499999999999645 1
81.599999999999639 1
81.699999999999633 1
81.799999999999628 1
81.899999999999622 1
81.999999999999616 1
82.099999999999611 1
82.199999999999605 1
82.299999999999599 1
82.399999999999594 1
82.499999999999588 1
82.599999999999582 1
82.699999999999577 1
82.799999999999571 1
82.899999999999565 1
82.999999999999559 1
83.099999999999554 1
83.199999999999548 1
83.299999999999542 1
83.399999999999537 1
83.499999999999531 1
83.599999999999525 1
83.69999999999952 1
83.799999999999514 1
83.899999999999508 1
83.999999999999503 1
84.099999999999497 1
84.199999999999491 1
84.299999999999486 1
84.39999999999948 1
84.499999999999474 1
84.599999999999469 1
84.699999999999463 1
84.799999999999457 1
84.899999999999451 1
84.999999999999446 1
85.09999999999944 1
85.199999999999434 1
85.299999999999429 1
85.399999999999423 1
85.499999999999417 1
85.599999999999412 1
85.699999999999406 1
85.7999999999994 1
85.899999999999395 1
85.999999999999389 1
86.099999999999383 1
86.199999999999378 1
86.299999999999372 1
86.399999999999366 1
86.499999999999361 1
86.599999999999355 1
86.699999999999349 1
86.799999999999343 1
86.899999999999338 1
86.999999999999332 1
87.099999999999326 1
87.199999999999321 1
87.299999999999315 1
87.399999999999309 1
87.499999999999304 1
87.599999999999298 1
87.699999999999292 1
87.799999999999287 1
87.899999999999281 1
87.999999999999275 1
88.09999999999927 1
88.199999999999264 1
88.299999999999258 1
88.399999999999253 1
88.499999999999247 1
88.599999999999241 1
88.699999999999235 1
88.79999999999923 1
88.899999999999224 1
88.999999999999218 1
89.099999999999213 1
89.199999999999207 1
89.299999999999201 1
89.399999999999196 1
89.49999999999919 1
89.599999999999184 1
89.699999999999179 1
89.799999999999173 1
89.899999999999167 1
89.999999999999162 1
90.099999999999156 1
90.19999999999915 1
90.299999999999145 1
90.399999999999139 1
90.499999999999133 1
90.599999999999127 1
90.699999999999122 1
90.799999999999116 1
90.89999999999911 1
90.999999999999105 1
91.099999999999099 1
91.199999999999093 1
91.299999999999088 1
91.399999999999082 1
91.499999999999076 1
91.599999999999071 1
91.699999999999065 1
91.799999999999059 1
91.899999999999054 1
91.999999999999048 1
92.099999999999042 1
92.199999999999037 1
92.299999999999031 1
92.399999999999025 1
92.499999999999019 1
92.599999999999014 1
92.699999999999008 1
92.799999999999002 1
92.899999999998997 1
92.999999999998991 1
93.099999999998985 1
93.19999999999898 1
93.299999999998974 1
93.399999999998968 1
93.499999999998963 1
93.599999999998957 1
93.699999999998951 1
93.799999999998946 1
93.89999999999894 1
93.999999999998934 1
94.099999999998929 1
94.199999999998923 1
94.299999999998917 1
94.399999999998911 1
94.499999999998906 1
94.5999999999989 1
94.699999999998894 1
94.799999999998889 1
94.899999999998883 1
94.999999999998877 1
95.099999999998872 1
95.199999999998866 1
95.29999999999886 1
95.399999999998855 1
95.499999999998849 1
95.599999999998843 1
95.699999999998838 1
95.799999999998832 1
95.899999999998826 1
95.99999999999882 1
96.099999999998815 1
96.199999999998809 1
96.299999999998803 1
96.399999999998798 1
96.499999999998792 1
96.599999999998786 1
96.699999999998781 1
96.799999999998775 1
96.899999999998769 1
96.999999999998764 1
97.099999999998758 1
97.199999999998752 1
97.299999999998747 1
97.399999999998741 1
97.499999999998735 1
97.59999999999873 1
97.699999999998724 1
97.799999999998718 1
97.899999999998712 1
97.999999999998707 1
98.099999999998701 1
98.199999999998695 1
98.29999999999869 1
98.399999999998684 1
98.499999999998678 1
98.599999999998673 1
98.699999999998667 1
98.799999999998661 1
98.899999999998656 1
98.99999999999865 1
99.099999999998644 1
99.199999999998639 1
99.299999999998633 1
99.399999999998627 1
99.499999999998622 1
99.599999999998616 1
99.69999999999861 1
99.799999999998604 1
99.899999999998599 1
99.999999999998593 1
100.09999999999859 1
100.19999999999858 1
100.29999999999858 1
100.39999999999857 1
100.49999999999856 1
100.59999999999856 1
100.69999999999855 1
100.79999999999855 1
100.89999999999854 1
100.99999999999854 1
101.09999999999853 1
101.19999999999852 1
101.29999999999852 1
101.39999999999851 1
101.49999999999851 1
101.5999999999985 1
101.6999999999985 1
101.79999999999849 1
101.89999999999849 1
101.99999999999848 1
102.09999999999847 1
102.19999999999847 1
102.29999999999846 1
102.39999999999846 1
102.49999999999845 1
102.59999999999845 1
102.69999999999844 1
102.79999999999843 1
102.89999999999843 1
102.99999999999842 1
103.09999999999842 1
103.19999999999841 1
103.29999999999841 1
103.3999999999984 1
103.49999999999839 1
103.59999999999839 1
103.69999999999838 1
103.79999999999838 1
103.89999999999837 1
103.99999999999837 1
104.09999999999836 1
104.19999999999835 1
104.29999999999835 1
104.39999999999834 1
104.49999999999834 1
104.59999999999833 1
104.69999999999833 1
104.79999999999832 1
104.89999999999831 1
104.99999999999831 1
105.0999999999983 1
105.1999999999983 1
105.29999999999829 1
105.39999999999829 1
105.49999999999828 1
105.59999999999827 1
105.69999999999827 1
105.79999999999826 1
105.89999999999826 1
105.99999999999825 1
106.09999999999825 1
106.19999999999824 1
106.29999999999824 1
106.39999999999823 1
106.49999999999822 1
106.59999999999822 1
106.69999999999821 1
106.79999999999821 1
106.8999999999982 1
106.9999999999982 1
107.09999999999819 1
107.19999999999818 1
107.29999999999818 1
107.39999999999817 1
107.49999999999817 1
107.59999999999816 1
107.69999999999816 1
107.79999999999815 1
107.89999999999814 1
107.99999999999814 1
108.09999999999813 1
108.19999999999813 1
108.29999999999812 1
108.39999999999812 1
108.49999999999811 1
108.5999999999981 1
108.6999999999981 1
108.79999999999809 1
108.89999999999809 1
108.99999999999808 1
109.09999999999808 1
109.19999999999807 1
109.29999999999806 1
109.39999999999806 1
109.49999999999805 1
109.59999999999805 1
109.69999999999804 1
109.79999999999804 1
109.89999999999803 1
109.99999999999802 1
110.09999999999802 1
110.19999999999801 1
110.29999999999801 1
110.399999999998 1
110.499999999998 1
110.59999999999799 1
110.69999999999798 1
110.79999999999798 1
110.89999999999797 1
110.99999999999797 1
111.09999999999796 1
111.19999999999796 1
111.29999999999795 1
111.39999999999795 1
111.49999999999794 1
111.59999999999793 1
111.69999999999793 1
111.79999999999792 1
111.89999999999792 1
111.99999999999791 1
112.09999999999791 1
112.1999999999979 1
112.29999999999789 1
112.39999999999789 1
112.49999999999788 1
112.59999999999788 1
112.69999999999787 1
112.79999999999787 1
112.89999999999786 1
112.99999999999785 1
113.09999999999785 1
113.19999999999784 1
113.29999999999784 1
113.39999999999783 1
113.49999999999783 1
113.59999999999782 1
113.69999999999781 1
113.79999999999781 1
113.8999999999978 1
113.9999999999978 1
114.09999999999779 1
114.19999999999779 1
114.29999999999778 1
114.39999999999777 1
114.49999999999777 1
114.59999999999776 1
114.69999999999776 1
114.79999999999775 1
114.89999999999775 1
114.99999999999774 1
115.09999999999773 1
115.19999999999773 1
115.29999999999772 1
115.39999999999772 1
115.49999999999771 1
115.59999999999771 1
115.6999999999977 1
115.79999999999769 1
115.89999999999769 1
115.99999999999768 1
116.09999999999768 1
116.19999999999767 1
116.29999999999767 1
116.39999999999766 1
116.49999999999766 1
116.59999999999765 1
116.69999999999764 1
116.79999999999764 1
116.89999999999763 1
116.99999999999763 1
117.09999999999762 1
117.19999999999762 1
117.29999999999761 1
117.3999999999976 1
117.4999999999976 1
117.59999999999759 1
117.69999999999759 1
117.79999999999758 1
117.89999999999758 1
117.99999999999757 1
118.09999999999756 1
118.19999999999756 1
118.29999999999755 1
118.39999999999755 1
118.49999999999754 1
118.59999999999754 1
118.69999999999753 1
118.79999999999752 1
118.89999999999752 1
118.99999999999751 1
119.09999999999751 1
119.1999999999975 1
119.2999999999975 1
119.39999999999749 1
119.49999999999748 1
119.59999999999748 1
119.69999999999747 1
119.79999999999747 1
119.89999999999746 1
119.99999999999746 1
120.09999999999745 1
120.19999999999744 1
120.29999999999744 1
120.39999999999743 1
120.49999999999743 1
120.59999999999742 1
120.69999999999742 1
120.79999999999741 1
120.89999999999741 1
120.9999999999974 1
121.09999999999739 1
121.19999999999739 1
121.29999999999738 1
121.39999999999738 1
121.49999999999737 1
121.59999999999737 1
121.69999999999736 1
121.79999999999735 1
121.89999999999735 1
121.99999999999734 1
122.09999999999734 1
122.19999999999733 1
122.29999999999733 1
122.39999999999732 1
122.49999999999731 1
122.59999999999731 1
122.6999999999973 1
122.7999999999973 1
122.89999999999729 1
122.99999999999729 1
123.09999999999728 1
123.19999999999727 1
123.29999999999727 1
123.39999999999726 1
123.49999999999726 1
123.59999999999725 1
123.69999999999725 1
123.79999999999724 1
123.89999999999723 1
123.99999999999723 1
124.09999999999722 1
124.19999999999722 1
124.29999999999721 1
124.39999999999721 1
124.4999999999972 1
124.59999999999719 1
124.69999999999719 1
124.79999999999718 1
124.89999999999718 1
124.99999999999717 1
